0.0,0.2890097205979598,0.27959514916294625,0.29688519079344,0.2540407270383041,0.24009948726852948,0.2994370112504895,0.28953899642386993,0.3905490638480987,0.2953620748025009,0.352471679531974,0.4099833458122441,0.26920575241513534,0.23110431994587569,0.2744060504943192,0.2875518755266305,0.25168465540852825,0.21711744434886507,0.39743762062420857,0.268511879737361,0.2836747595813224,0.4211069489402276,0.3688224832058745,0.33987367419211467,0.28480718342652206,0.33590734574201864,0.4343234829215041,0.31659555969503983,0.2882675112412581,0.31164508019387877,0.26179103112491103,0.2526387001059334,0.22177675514347409,0.40597917552493695,0.31493748872981236,0.25400024553509587,0.2774473823739472,0.21872463037279444,0.19939843819256886,0.3887144338759979,0.341184538425967,0.24863730986743168,0.42225436386926085,0.37799644737493776,0.3170593218738831,0.35228428998523087,0.32442483431814434,0.24327278803274327,0.27776450722093793,0.27274418053213817,0.33438292363008615,0.28950139193083535,0.36728095899361646,0.230950369206598,0.22239043913676837,0.21744762720627656,0.2830195207434941,0.2504856281722128,0.27843274562068066,0.3431787903517126,0.22438344510047606,0.21658747520718946,0.4105092087527286,0.26495937235670036,0.4062110222544213,0.248993335343228,0.24226749843849696,0.3188500357176412,0.28583410800835757,0.3083279488903034,0.41144100775125725,0.28926449400129994,0.27019727833263757,0.18731144867293403,0.3660040206828974,0.27041680631308923,0.38013199720119784,0.3907098930179037,0.30616751790474905,0.27427946506235573,0.35219032582486764,0.24843356038998632,0.3848153690867492,0.22385612499151672,0.29915113611492467,0.2329427419824123,0.44223722710450536,0.2968766271044376,0.2713449094546929,0.3802760253101514,0.27710460283285704,0.2813562183213514,0.28389269179384025,0.27855194842253683,0.33573933833359804,0.29584756493610825,0.3049972130166821,0.30904171745790127,0.330232908255939,0.32201781718516315,0.24409790511061222,0.28756461430291524,0.2494534529307687,0.3596632161788393,0.3776735440837377,0.23307513424112666,0.28267089915588917,0.23239643123475998,0.4109788987304614,0.3392970398786668,0.275479199587779,0.32480998530577393,0.2750654311774007,0.31347148357367915
0.2890097205979598,0.0,0.43911867214039146,0.39536495671990474,0.30937622474150633,0.3258879209399525,0.39224468929483575,0.45632704250848144,0.5648607576004915,0.38729435938267576,0.4296709123435494,0.5173487477035335,0.3566789477660858,0.319409649881518,0.4362225704431508,0.3805340938284304,0.34700790137834353,0.309930256240173,0.5249527413145508,0.42522173729289137,0.3288062665627047,0.5136735095978008,0.5293836503837869,0.48161723893898095,0.4715805383573666,0.41953958081869175,0.4418465638161466,0.4889170520272696,0.3550909933576368,0.32639325858190976,0.42627373505828464,0.4014598556074822,0.3671859989419553,0.6021309758368474,0.5058094470912171,0.40033940144542585,0.362730135273441,0.3846417662750135,0.3849345077800819,0.4849435372946581,0.5002462137036627,0.3860061233461576,0.4129039209703963,0.4182851189428588,0.3196496777947325,0.3967728819571632,0.42906482530517365,0.40024808873478757,0.4059160289358649,0.37725657618171105,0.3646138171306458,0.4446815276114714,0.47808761952450424,0.3288530428092135,0.32745444975939336,0.3891664824378899,0.44445755252293606,0.35855487874795444,0.3887405052015408,0.44519251236205254,0.2931006438351101,0.31160407670230283,0.4747089467965378,0.33331325688293256,0.5823581679884365,0.40348299470884774,0.351411129182087,0.41322466572657446,0.42884292048669365,0.3881754612280861,0.4721184148121018,0.4189521596844424,0.3754833125488623,0.4040386340312432,0.47907191961604245,0.45482674837153825,0.36976158570729084,0.504687937712026,0.3902920817557716,0.43686422746564124,0.44977225082927685,0.3858441630772951,0.5256024549367682,0.39416319769587754,0.4303539223120938,0.40017139663913076,0.5816333085475038,0.45837122782065437,0.4468613954903824,0.39285379959639366,0.4027424909210293,0.37806084272927937,0.4465655724500127,0.41121811626552296,0.3939957646548293,0.4361508852323423,0.48397793871468436,0.4900082535754842,0.4606612869737245,0.38770464184437076,0.34575158407202805,0.3813495898137138,0.3144211317273091,0.483204492873753,0.3146461120737722,0.4196951262215613,0.3880882286471609,0.3764406766959437,0.5338818220083665,0.3527121679593708,0.37897656857649487,0.487800737437652,0.43030688538117734,0.37832163063351804
0.27959514916294625,0.43911867214039146,0.0,0.4619940801729898,0.33891330194121294,0.29766407519986016,0.41361705033579044,0.335911300352653,0.529894194383658,0.40121526731244145,0.44435837056061683,0.4907224038987765,0.36093195420870716,0.28353820977142874,0.44329046966509555,0.40774298041090895,0.403859831349513,0.2752788227312101,0.49612980293114195,0.4082767871475987,0.3573396956159166,0.5651161499201719,0.5506546298023196,0.5187875458778037,0.2822830255111772,0.2814834912217773,0.48614558175407996,0.4410927319991759,0.3342495536906061,0.48882515397165127,0.3891551441100489,0.3230899769056882,0.2720811927596207,0.4157957263302017,0.41299736492155187,0.3763478741657081,0.43263617714829283,0.36728785880392245,0.3208151881488923,0.4476610964611926,0.4504389973551862,0.4405150670486555,0.4847854685962227,0.49300523541673846,0.4401517120136843,0.3027813332455784,0.4369522723723236,0.38156038641871265,0.3881148015710494,0.41597078146538685,0.4911183727940915,0.4690669539792057,0.38359603245961554,0.3768466375909617,0.37436446922797423,0.3400768657481251,0.37143545823799384,0.36540891386713475,0.35570181330957745,0.4125969716516409,0.4093696755414522,0.3806129997508703,0.397301097748585,0.4206987830314975,0.5801855638279806,0.3902307117968005,0.29812684347278795,0.40712754792722733,0.33080512526562617,0.4622923839352352,0.5395307085188169,0.31274227305156593,0.4030867351391226,0.2871788329993552,0.41835119178659536,0.3590549645236319,0.5308120665470627,0.5089434833828035,0.40210279083815004,0.47781625377605963,0.5286050975882743,0.3423807286825896,0.48911235281127313,0.25666927939917095,0.384452875133099,0.28787212820292374,0.569484198743803,0.5006945741455522,0.39997159944900434,0.5437465146817634,0.36222891232819826,0.31970388738712624,0.35682595008225027,0.35350036614727626,0.5117073579237255,0.42117911233749095,0.3286936654024221,0.4964065563936991,0.45752583738751523,0.48820645732678736,0.4067758334098843,0.45763072396904664,0.347431718112515,0.4933446269320235,0.540933225702835,0.37709124941015504,0.24380885617874923,0.29060632728193303,0.4789906984046325,0.35759254328571577,0.3729186088147321,0.42266019089943613,0.4000646406695264,0.41417112328339617
0.29688519079344,0.39536495671990474,0.4619940801729898,0.0,0.5056009619586139,0.41801530243161716,0.3856753390460272,0.43853181624449944,0.4725511332474838,0.39693553938205384,0.3768431456020164,0.4483347725415545,0.3382024041860077,0.44909296209476746,0.4347897060296913,0.4118933479635841,0.3492755025857351,0.36984606233578143,0.5312990233395132,0.28644704009835503,0.42297238451509533,0.5683467230252236,0.4500447829090952,0.45181390314888936,0.43077692458736694,0.4273734187174355,0.4201505224697011,0.3951087879540394,0.4265282842158436,0.3617141396740482,0.3990711580557484,0.42298444939235974,0.3771196442447797,0.4439568826194831,0.4276962591791962,0.4890447064389717,0.25576769427870427,0.44853370661867586,0.34666318836091414,0.4001303528195636,0.41197840498154065,0.30368754398194414,0.5601014865157442,0.3976731997297036,0.43949701958082826,0.5454534063080732,0.5032576527824262,0.3209740584769899,0.389567211065788,0.3551578899103142,0.3834524897082725,0.40736702356636284,0.49563448224692797,0.3583100227502897,0.3200906894209174,0.4384778272030028,0.37859104835237384,0.4538435574057305,0.40333287016019814,0.46624931529558505,0.2947521521949969,0.42986251985279095,0.4670075680382908,0.39567090871655036,0.5367960098523518,0.32584321374676145,0.4026757357946907,0.40189170287338805,0.40277454312953687,0.28718739094958434,0.5444784718076668,0.4444312813475262,0.34963764593318547,0.3463353052996275,0.4171667563704649,0.4090806232637935,0.327294642317071,0.532894029819239,0.3787197294793516,0.24092418134112545,0.43729086444332294,0.4655898454776858,0.4488301058579314,0.3625453945359529,0.4485861124977251,0.4180331601839369,0.5698581895968686,0.4090873866388719,0.4267548869149967,0.4925866841420798,0.4111623127085196,0.408502466661515,0.3389381112932588,0.4532774603933475,0.4238050376796628,0.4082404389809582,0.4024124483419423,0.468158565452146,0.5191893546074807,0.41904209544081455,0.3511984937754602,0.4074669533393941,0.3820341375919592,0.42367229954552316,0.3661903699832145,0.325928929415067,0.43563876343570057,0.4569452074184768,0.562822912565027,0.4945378302712446,0.353390382083629,0.47239012706982264,0.5103453863597466,0.4035849750844405
0.2540407270383041,0.30937622474150633,0.33891330194121294,0.5056009619586139,0.0,0.27533743748087564,0.4356108111882724,0.32718458107702736,0.5095328771520884,0.37117331638085355,0.46049429614003623,0.5623556446626764,0.356309726496338,0.31297127899964516,0.3987289590241328,0.3821809093355307,0.37369309877216866,0.30629585298244744,0.5045410407419242,0.4580967052332886,0.27658924203563856,0.44821468668482917,0.5522287553840679,0.5277843747709543,0.29474878742015936,0.33519642728393895,0.5032704783081335,0.46046272061913585,0.27165730751700856,0.3172802092122363,0.36995895983162913,0.3095978270560234,0.31008184544186973,0.5643020032227453,0.43655784685748983,0.30228194615342135,0.45048048080791664,0.34072037632591173,0.3959407260029888,0.47487280808979737,0.48106897746995,0.4414036551666506,0.3412020713337302,0.41041543375877715,0.33942626214338295,0.33681608717019734,0.4256971289898876,0.356132220384771,0.39220694773180703,0.3635214668172163,0.39501497992631485,0.4184241665973403,0.34826545265633707,0.3899607588250636,0.35781608739637416,0.29356022271618926,0.39049306807100387,0.28299593001914564,0.37510448943394836,0.42918062006865754,0.39218593844512684,0.2562677113697628,0.3651312201850706,0.3527255368821207,0.5684542088372332,0.41935208415906616,0.3327817180203821,0.36378651389940625,0.3584118184707369,0.4310676162689877,0.4610712354098234,0.3677069128327285,0.3438022028466218,0.31863741335612866,0.39206395324634996,0.3518400829788656,0.4906950144032555,0.4674100502452199,0.3642946323414193,0.48496596952929366,0.5057113495328215,0.3124816824689234,0.5182873527827281,0.271935375966219,0.3279775805453907,0.25355593016198275,0.514695062893221,0.4920846155978818,0.38218328088178294,0.4277155551709281,0.351731596727957,0.3185022050645312,0.46330856187660624,0.3125988845638877,0.4037120606057701,0.45535659896907577,0.37641768465063635,0.4522222167953541,0.39946381080443766,0.35682047362955915,0.35780608385853485,0.3965784891378571,0.3328845697679476,0.4565448507922436,0.38284169097975695,0.39945550279167186,0.3475304118354485,0.2975254744060834,0.4889440912152447,0.35728073048766434,0.37480655632470383,0.43356248082286103,0.329271693964975,0.34810726211594656
0.24009948726852948,0.3258879209399525,0.29766407519986016,0.41801530243161716,0.27533743748087564,0.0,0.39165339164327606,0.33833369662327833,0.45900406308055536,0.3743605105690325,0.4602422248401053,0.47257804247690477,0.3843682482262856,0.1865117498255862,0.3248234935727369,0.4228437370243914,0.31427958975704445,0.2165083271259494,0.44693909056242026,0.3247056125539566,0.35466488207123603,0.557828571916338,0.5052933638031326,0.40996725489137564,0.371552795803858,0.30760318591147756,0.4509252338867693,0.4344439374283187,0.3253487453983928,0.39273447929935756,0.3243127435595073,0.4061280520231269,0.29218710972348133,0.4885449941866351,0.4257994342760783,0.24240132414690324,0.4037644352635491,0.399754965674084,0.2761484342134783,0.4212867018791205,0.4330976322940585,0.4264486114769534,0.3674199776317409,0.4636477995369794,0.30060008266770893,0.33953400464274724,0.39194684657499035,0.44862404731472527,0.39589917958547477,0.3095373217116927,0.35589635417277937,0.40771560577422794,0.36032324837842794,0.3918995462254382,0.31117169585284477,0.28937576198769915,0.4058679549945773,0.30042169919812844,0.3954775983641621,0.4538088229051099,0.33648583649074554,0.2276788732565687,0.35724577866121876,0.351744332666122,0.5191789149173376,0.40271081452446017,0.2146807101789514,0.36051357102076476,0.3008418704932279,0.43310762473660425,0.4574473562288929,0.3391183583244207,0.3733005721416941,0.26440943809949274,0.4088245786146361,0.33784315147388017,0.4755140355254496,0.4103766052240539,0.3946752593164371,0.4126312842450413,0.42517686912077807,0.3025658917758956,0.4431774084395129,0.2318604984190623,0.39400300315292625,0.34013706014421297,0.5401551996975195,0.4351608386292218,0.40604211624481557,0.4278846314155802,0.26670617627555027,0.2688839027000146,0.3964059016456556,0.3105119399519261,0.4271861321708439,0.3540089575148721,0.326634552200262,0.44219409360481654,0.4428686214527363,0.4452790931144444,0.32749419718606587,0.42922780549315287,0.24952548957203238,0.41123091490645647,0.41144633751315324,0.35699157509154145,0.28937294043447237,0.2879500897656405,0.5335821442295602,0.2923768368379885,0.3702094095250638,0.43721219302114755,0.34788508183998007,0.33619754616042213
0.2994370112504895,0.39224468929483575,0.41361705033579044,0.3856753390460272,0.4356108111882724,0.39165339164327606,0.0,0.4057694647911611,0.5172322374953008,0.44593533017523235,0.5041823688478594,0.33741338417347516,0.45096225365986614,0.44023696605610646,0.44805719836281305,0.48056261945903334,0.45723859656178295,0.37081012160796156,0.4222631863781621,0.3904707940473394,0.45684670373177394,0.49549886606455906,0.41507224136643056,0.41244285753403687,0.46766525948109433,0.5224655875926681,0.585290241980464,0.36441326745695823,0.45852678275604786,0.4285946673307256,0.4438747131767924,0.4159360805264226,0.4090051802649327,0.45837405756206373,0.37254276051640783,0.3929089353642349,0.354878280777299,0.42604836585654066,0.3589475252108643,0.4907182348492163,0.43245116083820573,0.3799215722456417,0.5183147068968934,0.5361967807875448,0.5294018706745708,0.5237014621032657,0.395462354284872,0.3760340031151299,0.35986464338908297,0.4489603761439631,0.4554352995627673,0.4191539023405104,0.5941557914735249,0.3902124716311297,0.4001506903620394,0.39925960850162423,0.451212256883536,0.40000781697594656,0.374055455063757,0.4381834238698361,0.3627152699444781,0.4063046061924906,0.5388954981229453,0.4296689673617772,0.4317018298417559,0.3469592467561883,0.39870006023291704,0.4985725478223598,0.40045607436670894,0.36932116007222093,0.5008092296897866,0.4054270713523185,0.46298361652977865,0.3153146151208701,0.5856659701488321,0.3828177791478376,0.47207901967534843,0.4193702733515491,0.3741943424087375,0.4138964537502546,0.4548215509284042,0.38348836671611364,0.4211874114417393,0.3949471099679783,0.37494592410349675,0.4122260071412124,0.5119765285646176,0.4006208991780782,0.40349063497818466,0.38906943660990917,0.4600288230618505,0.4180475982312336,0.404111018817165,0.37845994160527346,0.39420141058929525,0.3553702108874242,0.37809682848224796,0.4328822016917532,0.4327505080077067,0.3964755311699941,0.43936579138539816,0.4219169681305472,0.42288054476904435,0.5211888647086387,0.5180211994180208,0.36106508501823137,0.4418422828336966,0.3502179678171175,0.5412195159756604,0.4765481784704012,0.400489940754581,0.3745014024262246,0.42329959946981904,0.48494518316540475
0.28953899642386993,0.45632704250848144,0.335911300352653,0.43853181624449944,0.32718458107702736,0.33833369662327833,0.4057694647911611,0.0,0.5535453329802016,0.4277724303799199,0.36536257554835927,0.5660980428045862,0.3746899639817155,0.36168817820538174,0.48765049071419253,0.3312645014599759,0.4135282028105327,0.33229873995796794,0.5465075463801636,0.4696261291285902,0.36304159555523796,0.5995781240250206,0.5968703213607313,0.5436926143096439,0.33042943141010805,0.334713315506864,0.42768640799296503,0.47530383080347816,0.34739930014588916,0.3858393001702593,0.35462722475693487,0.35948705469788395,0.2559041718074791,0.5008607437119645,0.423302927716974,0.3482693449374855,0.43871286043622526,0.3912069231146818,0.3779769445497787,0.3582727187784553,0.41523622916297753,0.43490985183282976,0.40952837535005654,0.41781373003505495,0.39262649838428504,0.3490149672189944,0.5286830351599584,0.38113681477152084,0.41134912220313763,0.4329627033172219,0.5213207245948684,0.44559997413860086,0.3750579589425034,0.4399530871581151,0.3542268757346313,0.41072033620714915,0.3450538735591093,0.3760383566282704,0.3437225415588434,0.5081222800874756,0.45152690399877626,0.3746294858987073,0.36844681372625354,0.43344736270296225,0.6286999975955228,0.46324236001523345,0.2989121149013176,0.2885690510594676,0.24063922973539223,0.4956712516249962,0.6084550322268965,0.3426347734755485,0.327091919220238,0.32495634005259283,0.33741385692567066,0.24160918085538335,0.4990387604448781,0.5278773387628448,0.31243349775461676,0.4544936546519623,0.5379757368661324,0.4248142366431318,0.42730719516170407,0.2677209978754358,0.3284670135864309,0.33566419737536796,0.5791144009999378,0.5210430365120703,0.4513481931399975,0.453465046864658,0.38345252412038017,0.3166510353333856,0.382789582291016,0.40587725292809723,0.4500794246062104,0.4891661049019348,0.3941993482331586,0.502589451287966,0.5458702663090711,0.5294134637432244,0.43103104377778395,0.5017079984134849,0.3827091958347113,0.5367483147255893,0.4745163623506779,0.41680019740731516,0.286613788634212,0.32371732332407677,0.5178934208806582,0.36278764837654587,0.3875261857069951,0.4320418391603586,0.4178762917087991,0.33537517878055606
0.3905490638480987,0.5648607576004915,0.529894194383658,0.4725511332474838,0.5095328771520884,0.45900406308055536,0.5172322374953008,0.5535453329802016,0.0,0.4327466015848679,0.4418988829272498,0.5275872774187397,0.489618948241635,0.45433290906300466,0.41197828891605565,0.48060471283491774,0.4656077001691555,0.49244434747165056,0.4157044815180254,0.39420576414945285,0.5698524647689501,0.6480166473916631,0.5020676769111547,0.38627168001016454,0.4656505943384758,0.5659217208321041,0.6003124712260459,0.555425841073316,0.47754962308500254,0.5091984839012106,0.3592943927470509,0.5063590207820318,0.495378642654543,0.4136817981261414,0.5548635195815068,0.5222871312603519,0.5010431653629446,0.45070294102355307,0.4099100227643452,0.6041210135841242,0.40426299754423034,0.40952626722875984,0.7011716404669612,0.6113689157084619,0.5430993682901314,0.6052063495091817,0.5176190706509712,0.4401511745610218,0.5847859737839575,0.4650722584372752,0.3865528248204773,0.5503373559380283,0.536260514498139,0.5328727301526425,0.42981026664630745,0.4730979188857962,0.4328168529618841,0.5036771387342938,0.6100410512927036,0.6188988223932285,0.4420575981314791,0.4119568597315363,0.5167911289938935,0.4348419236482897,0.47898195286934797,0.5081202311455416,0.4536177927758139,0.5780281598397587,0.4999145101949845,0.5170117745214645,0.6314874658893784,0.49289336835645614,0.43027218212636603,0.4551333357080784,0.47484980561656176,0.40374849862142703,0.5083814110087429,0.5597789757963898,0.6242373816852987,0.4371382374080983,0.3838176187887948,0.3821380321408824,0.3872124813677405,0.49573152792380737,0.6130883064863096,0.4820877649856995,0.6957862526938283,0.4638567240715996,0.4880067639778099,0.6858847054242885,0.470385089614236,0.4600381974514362,0.4329533628205294,0.42186447836038854,0.41580418481364656,0.4521460450617331,0.5533809249007619,0.49434517730339395,0.5598433078947788,0.4732518338817253,0.348428762100682,0.5507991630944946,0.4122995056924978,0.30940660864525316,0.5625226395448719,0.48138571415027065,0.5139345101868102,0.3963159216305944,0.6553333143146742,0.5841847496172903,0.3869905061786543,0.35439544444872983,0.5389010863287473,0.5295587411505037
0.2953620748025009,0.38729435938267576,0.40121526731244145,0.39693553938205384,0.37117331638085355,0.3743605105690325,0.44593533017523235,0.4277724303799199,0.4327466015848679,0.0,0.4185634437986318,0.5336712789673316,0.3936571924650981,0.35658703817653836,0.3738094339937995,0.3668065215769053,0.3775746928653025,0.3748625541342104,0.4451407348387238,0.3382769724857663,0.4025306544180934,0.5935783273194014,0.5248915787534781,0.4538819820558799,0.4187582615533376,0.4389893404338691,0.511968322717279,0.4400102259563512,0.312115630841234,0.4028113967569996,0.3584516291039249,0.35345855536580767,0.3464330026392294,0.5191200743420273,0.5179517982381415,0.4876250113330588,0.4647810340640732,0.3492763991785186,0.4210102093248496,0.45773648355450297,0.3718579699980223,0.36368589699605247,0.5652186546969967,0.47378676241335377,0.4205127862477813,0.37701370462507067,0.5049311755195441,0.3411154942163126,0.4473223592590056,0.40810383054552607,0.3325223002388565,0.4728863961465623,0.3860959148623221,0.381624214814059,0.29220563999959254,0.36925942611457596,0.3495520314127565,0.45805319877543466,0.42787193363374676,0.5100474858524383,0.33932714839300276,0.3409456542705939,0.4598544794909772,0.2116474924434339,0.4843930549256085,0.3949433129882313,0.3828177472008203,0.44398407319190514,0.3851740124109698,0.40711205821209645,0.4992648750391089,0.4240172173048771,0.3550223648686672,0.40877877601389273,0.3902627646194726,0.35549559854899604,0.39047803523730784,0.5946807991137187,0.4625238038484799,0.447005766057794,0.3568812626152158,0.3586343045377618,0.38148348997723835,0.3884022521200913,0.4814800898587586,0.3847738332634104,0.6096207180574622,0.4406956096917035,0.3758862060862132,0.5280851517848173,0.3982260142783293,0.3659471533865197,0.4138659838587254,0.3471816687352792,0.33495481543298633,0.4680608090784154,0.4665000924809236,0.4791128031094776,0.49217450515143063,0.3343589597505477,0.323623424382135,0.43445611128453643,0.3377908862479982,0.4026954145109272,0.4156005138649439,0.3988039624056353,0.35281441734760854,0.3964332656489119,0.5749986863303181,0.37685108778258203,0.3490117235062979,0.4507051272414635,0.5244484732884496,0.35745467299732664
0.352471679531974,0.4296709123435494,0.44435837056061683,0.3768431456020164,0.46049429614003623,0.4602422248401053,0.5041823688478594,0.36536257554835927,0.4418988829272498,0.4185634437986318,0.0,0.5761919209129541,0.3325612724021346,0.47577557400831866,0.4759922949880783,0.2802479631100368,0.4087363083065567,0.44759168707632296,0.5985861859594686,0.4360380436164126,0.46485607873873247,0.6803973619935826,0.5711784260229918,0.5451243172605469,0.41116400124143215,0.3966327331871382,0.3006395667529448,0.48891517560717684,0.40429421632122914,0.4188092596267121,0.30809310469438733,0.3448761051518917,0.344289598800567,0.46191709122695784,0.5063479689671472,0.5220268430544105,0.4438356327121546,0.35063325257702654,0.44356403574083325,0.4130088409317688,0.42824799615303194,0.3541005891557681,0.5620605136559265,0.40239442049723934,0.38746182006100766,0.4459974970685299,0.5505308042780337,0.38173701963461815,0.4722278478576217,0.4159471956250008,0.4640230172725198,0.49410738141345006,0.4373661413033831,0.387626353550012,0.29649367727821396,0.45154925348361913,0.28750095603637876,0.5016881717128606,0.4435549164586529,0.574922157988506,0.37777743879072395,0.39134180824562176,0.45638719503674297,0.4446058902826821,0.6246740971589841,0.449235692922115,0.39727274203655344,0.29672986881903146,0.3609560853829144,0.495742689752279,0.6653475965447905,0.4681973034310985,0.3273140028746759,0.43359101870473843,0.3626341528593399,0.36315679227525505,0.4387877063479592,0.5942913452218955,0.4815685649286947,0.4213776373401775,0.5216674111442721,0.492976250175865,0.4917360741558066,0.39729621020973926,0.5226722935812256,0.39626539730747334,0.6661626523106416,0.5225991906670032,0.5348769385327939,0.594951040844516,0.4437130689021661,0.4154666951576261,0.33153958714565884,0.5112964797850343,0.44317943191520487,0.5697181450258997,0.5145631314198377,0.528829970228982,0.6098066100104611,0.5538582405149631,0.3274740308165839,0.5149526787799292,0.2755885936478231,0.48312299959654126,0.40489190433545674,0.4539028660155192,0.41866428658682237,0.4695570706166462,0.6282213856977555,0.389268375628051,0.3860650651407635,0.479978013435221,0.5614732748025302,0.34953802214732416
0.4099833458122441,0.5173487477035335,0.4907224038987765,0.4483347725415545,0.5623556446626764,0.47257804247690477,0.33741338417347516,0.5660980428045862,0.5275872774187397,0.5336712789673316,0.5761919209129541,0.0,0.5731972621382294,0.4985723808158416,0.5118377070149829,0.6046945051091731,0.5538174105124922,0.45337322764840954,0.3394178319483882,0.40265200137296536,0.5324233816254529,0.48465747786503066,0.3068785470469792,0.40488116367245064,0.5730138392084162,0.5980560071196755,0.6855446436450178,0.49207778877449476,0.5450092756482613,0.5209584609855215,0.5198875835953998,0.5021921874914204,0.4866089027769752,0.5134933048531871,0.39403195942435343,0.4815457014177064,0.34833912046883375,0.47796353100384453,0.34307620092819835,0.5969755010229584,0.4398930779551868,0.39395990405577636,0.6661866506872646,0.6644744696803776,0.6010726003114023,0.590426652861995,0.4353455271247577,0.5079511576712324,0.4444570228339459,0.4854797322667906,0.45663958232794793,0.5130545292923177,0.6818393437110779,0.4209328975466242,0.5335027020432943,0.48437668924269484,0.5609637372719967,0.5160737507022557,0.540751182607317,0.5164666252701345,0.43795686766429687,0.4655418326901603,0.6332065036780471,0.49739051778237575,0.3183370926768518,0.3611409245742986,0.4867402151813152,0.5907097081698092,0.49171955073083856,0.47760236792981225,0.47678885978115415,0.5249583700466929,0.5822690237015388,0.3830127820279537,0.6899917571653913,0.5083453336182745,0.5455637379229069,0.4038747605554445,0.5404394486734619,0.425742182779628,0.44022696433349084,0.41111696923596447,0.534419086598632,0.487217140825605,0.5181960027092325,0.5291895042211543,0.54638856536206,0.3622996046664371,0.4830863537878373,0.5185629945787362,0.4765716923819056,0.5725701822213746,0.5293606407909032,0.46319847675651166,0.48464234523888317,0.337400775214163,0.4578679525654372,0.426080357944146,0.36663647533249694,0.42737085152069654,0.44831530959141913,0.39324367425765616,0.5044113957876827,0.5153003320209368,0.5988062004499214,0.3989233084110317,0.5390965656432443,0.48696270112838314,0.6367483033060835,0.5905366148060569,0.5151383751906553,0.3631896638511237,0.44599933350219917,0.5444143971074997
0.26920575241513534,0.3566789477660858,0.36093195420870716,0.3382024041860077,0.356309726496338,0.3843682482262856,0.45096225365986614,0.3746899639817155,0.489618948241635,0.3936571924650981,0.3325612724021346,0.5731972621382294,0.0,0.3592483632031646,0.47284569012112176,0.30477991738028165,0.34344740470060797,0.30359916657370306,0.5832410975415423,0.42540383096324536,0.3556118868755883,0.5481973243526166,0.5564198195489208,0.5198079159348168,0.3514372926650165,0.3062880416087222,0.2579426184802974,0.40690153831061937,0.3001560562414199,0.3769530537683121,0.3892953533749144,0.3191100655141805,0.344780853908363,0.44142130587910344,0.4946213636720066,0.42690619701963,0.3896644345853567,0.33722836118425914,0.3576984263668747,0.4192986272224904,0.45544497093530845,0.35328229362378505,0.4515563337956224,0.29014931549196327,0.3843397779438483,0.4181430823328015,0.4914910378965391,0.3174142300000432,0.42922638516321,0.3869711006726013,0.4605440106490331,0.4275584526263131,0.42326444715119355,0.33150636856780186,0.32727507359844193,0.4106717082446994,0.3219783161333221,0.36961002282611083,0.3854366340355013,0.48662172324881825,0.2864430858527671,0.38837587049605954,0.42955253785790487,0.3812448126992098,0.6038028027082908,0.3806688961036851,0.3357128888058005,0.3348862752220962,0.39283419418669524,0.3514606414575209,0.6137121146128918,0.3649347819831373,0.2452809805912731,0.3655210281441299,0.36205933969255377,0.4114308167219409,0.3820323845577831,0.6029482634502058,0.3825600883545934,0.3425053693190411,0.5142729001051709,0.4184340850356924,0.4218641621262193,0.33610532903739654,0.3846883489835589,0.3159141897231017,0.6120502589343363,0.49619365678871935,0.44562808474212023,0.4806919757604075,0.42462415363773265,0.38523578273208475,0.2998866184245061,0.39275494353663926,0.4141244805093924,0.4817960305203623,0.4414367419604154,0.5188672113857424,0.5232993915624548,0.42161879691525095,0.38738623577203546,0.38309914414034774,0.30124136896873777,0.44984002917698973,0.389538744189994,0.3858478422302263,0.33247282984913984,0.37345734571605954,0.5464903275916988,0.4034206850009449,0.24994971849551312,0.4388797011520526,0.45064293752807155,0.39193977623484794
0.23110431994587569,0.319409649881518,0.28353820977142874,0.44909296209476746,0.31297127899964516,0.1865117498255862,0.44023696605610646,0.36168817820538174,0.45433290906300466,0.35658703817653836,0.47577557400831866,0.4985723808158416,0.3592483632031646,0.0,0.3232238233903942,0.41570778221293037,0.340614064577156,0.2023130081603267,0.4551904574895418,0.3329643384463413,0.3505067191175641,0.54925607836282,0.5113204705445531,0.4040370487038262,0.3093731522820809,0.338013342825345,0.4937938804612544,0.4520150758407186,0.2954776480188921,0.42851445842217273,0.33345708231671506,0.35749728087039323,0.30535216515181635,0.45294896394376755,0.4324470820247169,0.30773003637839813,0.4065293411174064,0.33941655554721123,0.28084533055821065,0.44552346512195906,0.41396755003595365,0.4207676443799101,0.4371244883925723,0.5010418646968261,0.3447711520995193,0.3254093250705926,0.4065541661815701,0.39246437234575243,0.4045671701567445,0.33531765987933737,0.40190025704482474,0.4349789856489357,0.35771178016332467,0.3649147543944481,0.3245284008219457,0.30316075122668973,0.3988308503707974,0.2990710245331369,0.3625002809787368,0.4497630377052914,0.3524991176982552,0.3070767689460398,0.37067989081040326,0.3820870812894984,0.47054596031112356,0.4105736630115299,0.26359984462746944,0.3952683286758272,0.34111338019319204,0.44082470786117456,0.49970612879973664,0.3212718164013939,0.37005191569728,0.3132789010778142,0.385994792201886,0.3256561150950999,0.47575692351799725,0.4870300671000544,0.39641663440978153,0.40237008794602735,0.42967279768323724,0.3063087509653513,0.44645303789428914,0.2559187596538643,0.38712832848288203,0.34894794502517984,0.5604195433611703,0.42351239298393756,0.38443711140161646,0.4808391022409075,0.28484974183271355,0.27242663758147134,0.37278770610984224,0.30948797971706876,0.4225109064936865,0.3718770362820816,0.3437066531297632,0.44215829410224866,0.45800802722708195,0.46197560601677207,0.3523624322279436,0.454650677044982,0.2918148548077785,0.42496983829560103,0.4371104815208802,0.3680131359672144,0.2543596963982663,0.2550788664735371,0.5104345573734623,0.30826454557687955,0.3358557358944234,0.3854406085399945,0.33955434536910145,0.3563385883867075
0.2744060504943192,0.4362225704431508,0.44329046966509555,0.4347897060296913,0.3987289590241328,0.3248234935727369,0.44805719836281305,0.48765049071419253,0.41197828891605565,0.3738094339937995,0.4759922949880783,0.5118377070149829,0.47284569012112176,0.3232238233903942,0.0,0.4326206007226397,0.3746425225716826,0.38144502085537046,0.44957092960985207,0.34046979056277127,0.475747626912642,0.5189001905027539,0.43778388047920175,0.3613200773100963,0.41555961612347325,0.5030759456495825,0.6142673825567972,0.4293199577157387,0.42333187446884796,0.4552598645799968,0.27875233196888316,0.40794449101637265,0.33771547756925235,0.4471975624949713,0.42931288604953804,0.32074255376892463,0.41892146411529474,0.352385909482929,0.35074718745687916,0.5863350906831981,0.49613219253168866,0.3769453006525813,0.5754128914000535,0.513913825177646,0.45188766412804193,0.47716974540940005,0.3767336144735027,0.39137067224406863,0.3835980688325117,0.38394525991284234,0.3656446339178059,0.37553009693334843,0.44413517319280604,0.38790975080393403,0.31101865612636864,0.2589978426970601,0.377091202000113,0.3833416520695012,0.3915038834537827,0.445717103205907,0.3671627049848577,0.30585588642475847,0.5296843572068952,0.3864977704310322,0.38239405604759913,0.41468612267064814,0.3724137450833215,0.46105110184699005,0.42074376443957745,0.4802423823977517,0.4286758724347435,0.44190213075238755,0.4098783109046725,0.3770313064164532,0.4818208487475983,0.3626208070612641,0.5463676278673026,0.44309829673860873,0.46900425883401864,0.4302901455614927,0.370811925676344,0.356840814138516,0.5096196374930128,0.36663752831261687,0.44670384307547967,0.43006727626282754,0.5095475466848268,0.3316545336331862,0.33556137515815065,0.5422166746354288,0.37241867966901177,0.40167982885505604,0.4013335587135236,0.3416050320166413,0.4506720572625087,0.3987254073908431,0.39758712163459664,0.30532732313757505,0.45588085086853947,0.4435782390923083,0.33708352675456993,0.4359018874265236,0.3452037970343383,0.44186788401371113,0.4937453837020593,0.36029326299446474,0.4283065893735066,0.33682075257767174,0.5105130212642598,0.4705196394121772,0.4351508410316715,0.40566636664895905,0.4031561449647781,0.4806200237859234
0.2875518755266305,0.3805340938284304,0.40774298041090895,0.4118933479635841,0.3821809093355307,0.4228437370243914,0.48056261945903334,0.3312645014599759,0.48060471283491774,0.3668065215769053,0.2802479631100368,0.6046945051091731,0.30477991738028165,0.41570778221293037,0.4326206007226397,0.0,0.32135586291337254,0.3945286426438425,0.5632649432270816,0.4642899177770455,0.45601037721288923,0.6052354320204928,0.5513637706193983,0.5054058170470247,0.3017787116225623,0.3908298530673525,0.3789903209445961,0.42880206125494186,0.38902097738352026,0.3957127567670894,0.37397940781110284,0.2754829374894374,0.3326215801639571,0.49132804925394336,0.5106387845902944,0.43931724549766343,0.42463012241643067,0.29226739236512433,0.4019740202787681,0.397934216832282,0.45127796883734045,0.3228596185088395,0.49478677915028285,0.3491114995979444,0.38779671210261674,0.416567474425843,0.48369333982807583,0.2813484067445998,0.44228451229355403,0.42945095733116107,0.49402436711697245,0.437080439606839,0.32332109647663065,0.3402310414283901,0.282084121382143,0.398693715304333,0.22616384937077688,0.4189155864183774,0.36630086415970853,0.5255050167454736,0.37760620071080286,0.3458326738860307,0.4088113729936654,0.35017663782838515,0.5716971418130211,0.42611524058533873,0.41790970994310206,0.3109153241171906,0.35244305309812035,0.4491740489221297,0.6047980643325154,0.4314894926068815,0.18330936098990563,0.41783172039652877,0.30152943227550993,0.32363333326061516,0.4209783325308252,0.5913594942408444,0.4206241644809891,0.3925203331382461,0.5133605277583074,0.4354981726809949,0.4549917826827816,0.37780063738819475,0.43822391844942665,0.3102159913596456,0.6292061400324853,0.47568771460347015,0.45495230966627254,0.5142157586870129,0.44206970251559635,0.3646333158931192,0.3563336967239441,0.42603293504298245,0.41762418505552373,0.49983743998002994,0.46100099275361855,0.48354938781818535,0.5339499619714136,0.5148535011102958,0.3572575500545521,0.46244186902317863,0.3420426145056371,0.448694099645449,0.4325226399361134,0.41625321248490277,0.3802024503441043,0.35220693057988134,0.5687047731701508,0.4294771912449336,0.31344602490571744,0.4468476777494521,0.5161306190753575,0.3741205582467626
0.25168465540852825,0.34700790137834353,0.403859831349513,0.3492755025857351,0.37369309877216866,0.31427958975704445,0.45723859656178295,0.4135282028105327,0.4656077001691555,0.3775746928653025,0.4087363083065567,0.5538174105124922,0.34344740470060797,0.340614064577156,0.3746425225716826,0.32135586291337254,0.0,0.2760958162781635,0.48773269639510597,0.4015116662009689,0.36575201622030395,0.5316909269289767,0.5222959928260419,0.45358453384557795,0.3876985502620555,0.34303085788656595,0.41137705741354236,0.39324872509126957,0.39186632301381885,0.39023420919843865,0.4258972955847472,0.35153469399808696,0.3078023188408079,0.4704272238846245,0.47382859328661225,0.3656551756108856,0.4075915316589591,0.31336101075635614,0.32910339627043744,0.4232948094976597,0.4160421538184989,0.3180223505948494,0.42410027305812253,0.346193319136996,0.2775927930846904,0.3548155745293673,0.44430040644104724,0.3425837856319948,0.38723648605535893,0.4084232099428104,0.44046883342299903,0.3532199754864952,0.41831397713238017,0.3165872483218826,0.29949711044233,0.3693207016965456,0.2950129635236025,0.31013108160167463,0.3775481838262993,0.45430782664416236,0.30437653980130197,0.3650279104119488,0.47681116865427714,0.3189728289390617,0.4799254462766665,0.37106402034124963,0.36457384361653894,0.33959796020981403,0.4419731948950299,0.3623552060110409,0.44951172505603254,0.37941056836528153,0.2688420660380801,0.35091743308055184,0.3896715856913171,0.38250402328687116,0.3820541795423011,0.5542256003891005,0.3680692477101225,0.31807593316300137,0.45548832318955823,0.3769892611311558,0.4772537926765321,0.3232303507270391,0.37186044887669245,0.37133098269253895,0.5488135939415428,0.42388324763926455,0.3974113452389062,0.4668491380905451,0.43054743473970447,0.36921286760657607,0.3918132772029752,0.3834511857091489,0.443576939871526,0.39047468539870456,0.4575122736827632,0.4521240847980743,0.44652850436723124,0.4418744722088189,0.33118778772225443,0.36535563513448926,0.314709195754918,0.3967604389249807,0.386887932315803,0.36330520535944166,0.3451087209357172,0.30966783429978656,0.4980158429738406,0.3924529220143679,0.3430887686915162,0.43386889906212556,0.4236218338301582,0.33283944568407475
0.21711744434886507,0.309930256240173,0.2752788227312101,0.36984606233578143,0.30629585298244744,0.2165083271259494,0.37081012160796156,0.33229873995796794,0.49244434747165056,0.3748625541342104,0.44759168707632296,0.45337322764840954,0.30359916657370306,0.2023130081603267,0.38144502085537046,0.3945286426438425,0.2760958162781635,0.0,0.4581943021686784,0.3100583843681034,0.28677558394608027,0.534908743349982,0.4668400584853083,0.42570375908081715,0.31192606444591336,0.29508050160548854,0.446083935214959,0.3876096181183887,0.24744115610021103,0.3776945658007823,0.40005330415738294,0.33565923622507843,0.28408033476990674,0.46617931871716883,0.41107886312920916,0.31007971714507104,0.3658880240641942,0.33307879650955635,0.23957034650896647,0.4417623547085597,0.40059893220900133,0.38420248032717635,0.4220483827288478,0.3976363977101772,0.3165980271432876,0.2893784570192525,0.409181338035239,0.35642405637583724,0.41262478461684954,0.3884234281296726,0.397993591911861,0.4345828025911129,0.40323258124947403,0.30381006507579145,0.3472387844440524,0.36138559626509287,0.39033430346124753,0.3288747457903454,0.40309366631244337,0.4519748192976797,0.29239102840010733,0.3160196621190632,0.3697566797163985,0.3302809467652583,0.5101617135120352,0.3882031079636751,0.3012435849376917,0.3320761709017019,0.33808744717760586,0.36114072281504717,0.4703392507274376,0.3438766401879713,0.3328148390371744,0.25300559499922515,0.41497239811105086,0.36029900097218703,0.413218070967583,0.47535467789110997,0.3857172094313118,0.35295501478905794,0.41348481090586936,0.31140475301259357,0.41957964897399674,0.2622697363671416,0.34008392677637195,0.29994894770098735,0.521708400114907,0.4244198078751997,0.37848661460197314,0.41839709125691765,0.341095633866263,0.31565780717989533,0.3681529690415841,0.28798290133370086,0.37509149855424734,0.3451877573923675,0.3688512452230397,0.44411340936595506,0.4306950055713528,0.3851164717039949,0.36910845589489927,0.3792531487858636,0.26996130552426856,0.4498030587200496,0.40097038258521384,0.3593368774569081,0.21809214234064456,0.28551026272669094,0.5069139313598804,0.31267979193885415,0.3275041512198498,0.4187933706769495,0.31611537310922266,0.30955661426895376
