0.0,0.06085567594300266,0.06490648946935836,0.06352745539048792,0.05323817551071768,0.04890196387595534,0.06328891545789865,0.06295312242517175,0.08747711065838593,0.06474932774085461,0.07444957121629298,0.08674414891379839,0.07014845198442927,0.05211256061225913,0.061083520278607584,0.0695985313125128,0.0555556890353454,0.044483029193250874,0.08523510401904713,0.055930237975961014,0.060958424647924545,0.08949546120056592,0.07703077606921509,0.06818967478503614,0.061864348499925795,0.07632510941332407,0.10879671636207103,0.06410308364153026,0.06454724144045941,0.06192095688883,0.05203821635489407,0.0591178220565526,0.047581023736055175,0.08629054172599332,0.0652308067348683,0.05532843365572044,0.06200940056918457,0.049910054591894924,0.04249790467884154,0.08299746309748406,0.07492192025467091,0.05462644818454141,0.08402215132373973,0.08882191853078479,0.07068010635338286,0.07813923119365318,0.06473046537249043,0.048073343175002316,0.05628471190908379,0.05600841683800672,0.0684987890192686,0.05624078622551578,0.08194613008901348,0.04882495259610213,0.04632806692395197,0.046904880495871666,0.06154478114013379,0.05134234231558463,0.06156122585085119,0.0667844328774392,0.04865972964389036,0.0453284785005678,0.08560839857979818,0.05872886576179214,0.08417105591669183,0.05127044723578482,0.05446786716222677,0.07436325951983119,0.06293642152299093,0.06698061531099479,0.08281392391261591,0.06040923345146089,0.05536883449831243,0.038705541417032384,0.07896153786316046,0.05577407224839453,0.0752819509187026,0.08184335849832003,0.06346155740776034,0.06268672163321432,0.0783865960878386,0.04856848124628842,0.08127612008602889,0.047893271222194535,0.06024939901349326,0.049780388844262884,0.0825668706607957,0.06291658151014691,0.05543702428052821,0.07575253213581452,0.05623654446449135,0.059336216101585376,0.06214304607500462,0.06182790867254987,0.07521185385277707,0.06476601496757799,0.06726474825662733,0.06185783391365802,0.0717643273989139,0.06688131187729932,0.051645366248378184,0.06436541404842265,0.057260729427265046,0.07166558582133344,0.07337744203507712,0.048458076411994934,0.06392961349923565,0.04925171327090427,0.08096706011805894,0.0782180538193613,0.057937968003079626,0.06755888632229584,0.060633490536962216,0.06051708950749588
0.06085567594300266,0.0,0.09138962651584669,0.08586008696200002,0.06298427226344816,0.07248200696242571,0.08449940339802559,0.0900805433859684,0.12133616233646029,0.07961355546805646,0.08896040301240969,0.1134168586696832,0.08768303823737161,0.08224739232062658,0.09530336511444973,0.08867379428441738,0.0730626706687614,0.06988531947972472,0.11130788486350494,0.08697165026845081,0.06677128375982143,0.11298376054515967,0.10792233766542964,0.10014224397433616,0.10110453608344279,0.09516167981895574,0.11056918198299237,0.09690184251555908,0.07693652482319359,0.06460764083024864,0.08990642854899177,0.09117865856325684,0.07792158510129114,0.13323555255465655,0.10403513519909031,0.086454565010515,0.08107532673017233,0.08296446525504056,0.08038643707466399,0.09838854641608129,0.10071571000858809,0.07904528206489582,0.08045257821053141,0.09618386940685068,0.06810960913625472,0.08230593180456595,0.09296416659320668,0.07797072703297332,0.08309474073676064,0.08192766451864343,0.07603256696756822,0.08463195936150635,0.10556646832810512,0.0711791927919629,0.07208584454552616,0.0845748372866486,0.09073192784988489,0.07801851730216557,0.08882349525181664,0.09009480256098054,0.062442094889202444,0.07098155511866078,0.10175864448643486,0.0717313417183127,0.11787951358675634,0.07953803540055121,0.07444334067420443,0.08821286121192051,0.09296191475290004,0.07714045465575434,0.10175466851388572,0.0897303731111153,0.07943481032894205,0.08241732832116483,0.09910479080642111,0.09535338179945112,0.07318803296882231,0.108574262441344,0.08252176723367283,0.09355904796567098,0.09670018269217688,0.08589522994071787,0.10948086676534725,0.08409236283563386,0.09000115410069658,0.07936810496135631,0.10929317247002003,0.09671438782602813,0.08933965212730399,0.07744476711701499,0.08926250569455633,0.08264707434134126,0.09581731464761238,0.09046557268799181,0.08933478537851972,0.09518095115641106,0.10443460989502532,0.09959044993039193,0.09681866958720671,0.08451184980355045,0.07615405705605917,0.0788532389439746,0.0697401651281921,0.09436797895499892,0.059788582508189046,0.08558359068635986,0.0865600155610492,0.08702681553805383,0.1065338420392741,0.07520751489110779,0.0786801890128967,0.10820005601295923,0.09059247055855045,0.07098599799737663
0.06490648946935836,0.09138962651584669,0.0,0.10327550139153205,0.07033071074653748,0.06448719573608626,0.09373739655472488,0.0687656678352177,0.12202837177051906,0.097315591568496,0.09249354487107028,0.11794922311136302,0.07799366936675903,0.0591558235044642,0.09933662309637767,0.09836932298234523,0.09148834530500219,0.05771528957089941,0.1260357307891206,0.09509691925398903,0.07968122416536048,0.11687368399122448,0.12219004279569874,0.11348595709039627,0.06904517435531926,0.06076192880119357,0.1090812526911797,0.08932487538188899,0.06810378489896642,0.10740976748846671,0.07988265199125935,0.07031519985342004,0.05931914698543447,0.09671370317422406,0.08352051034521922,0.07963371528793087,0.09733118732871003,0.07665897109766687,0.07692217731366655,0.09924100291721295,0.10419270851315642,0.10421277549941105,0.09910545196636511,0.10669606580439465,0.09447078416874194,0.06979004230613427,0.09407098583557792,0.08441156433528832,0.07931944024008322,0.09406453917627032,0.11271215405590868,0.09410767246136023,0.08895146974628558,0.08599799038357232,0.08301642258427862,0.07495361622599657,0.089130574108606,0.07936263674946098,0.07968523869249663,0.09068743111480086,0.0880102081262074,0.08179494051573875,0.08817675266093095,0.10253960674933822,0.12402963317759247,0.08844460431395886,0.06629997318998944,0.08724366603342341,0.0699410377066572,0.11332468925478263,0.11727961706177585,0.07281112945778807,0.090705117353917,0.06558391168079147,0.0888909212058778,0.0756484617541284,0.11758329755819714,0.1060198918589003,0.0881768918362402,0.09845147836078963,0.12257950807572134,0.07501703288647112,0.11657236746608612,0.05300715873646822,0.08341040342368838,0.07052569321995454,0.11054715520919917,0.1128830652915421,0.09136534535012948,0.11261767019848135,0.07932847545939216,0.06814675918517205,0.07870383921192178,0.08312448174008856,0.1193716815963991,0.09781525594943738,0.07382873856072376,0.10644167052662766,0.10127420534915195,0.1088770437895332,0.09225350788849447,0.10746654916803448,0.07520215781807542,0.11218944078328938,0.11080000384959585,0.08462939793527813,0.05234018943708622,0.06508595765431327,0.0995949597401867,0.07714075646743983,0.07703892261611192,0.09680839622655757,0.0836531886528112,0.08516463964858674
0.06352745539048792,0.08586008696200002,0.10327550139153205,0.0,0.10182923269883704,0.09202079954685298,0.0805597089823108,0.09530354729353596,0.10331675290288214,0.09316332026832788,0.07828336075866972,0.10037930203678994,0.07894119455991255,0.1016041308195848,0.09588343156603935,0.09192047228616858,0.07951098184772637,0.0822973031449996,0.11449978301529411,0.06616824359954332,0.09437291653864766,0.1222299175874719,0.09108412811395394,0.0971228911442371,0.10120809007796762,0.10083965997229073,0.1074162155138733,0.08355136085084965,0.10119576650003441,0.07977898176013672,0.09084631995458198,0.08692272862281776,0.08343418649599504,0.09782841634869412,0.09052858472569093,0.10043276910118885,0.05411403190824751,0.09085309626728007,0.07518735538303895,0.08707387251975825,0.08898742172498023,0.06348478052844625,0.11307661626835488,0.09461360033158155,0.09336293852581894,0.12208050295025745,0.09701089545686824,0.06575358760396932,0.08665134567044303,0.09066526388332671,0.0891412209215225,0.08338905329584537,0.11816040108891264,0.07188233785749225,0.06996873744027572,0.09494269988347025,0.08280278956553197,0.09535701954025452,0.09150824797208677,0.09218165171228006,0.06952803832713589,0.0946114242374701,0.10684592641808108,0.09083342061169788,0.11567998056211358,0.062310501345566066,0.08828184482497542,0.09052125723014656,0.08853051796896232,0.06365010279980958,0.11942483185344213,0.09624052855833083,0.07745808590124588,0.07328563623091962,0.10079828802317725,0.0899676616370607,0.06841860690008833,0.10584098337473871,0.08707205880519446,0.052760105465601274,0.09702921181621088,0.09599426454777014,0.09406575448201639,0.08097691042806357,0.0928302261798734,0.08489423327342532,0.1120775547148437,0.08862746199355505,0.093556102924135,0.09966140132942433,0.09723561626277852,0.09432325454338016,0.07699399910357757,0.09765175456778596,0.0947410970673189,0.09154081355426154,0.09111346070753562,0.09667519219304935,0.10996805175920299,0.08924672074839336,0.08358076121376842,0.08690865183407881,0.080531774416564,0.09638243213017784,0.08922430953176454,0.07226251304009976,0.09948179273832049,0.09461402267665273,0.11041034646316185,0.1067203665480985,0.07853080857732839,0.10557699276889776,0.10418254240434423,0.083734942900454
0.05323817551071768,0.06298427226344816,0.07033071074653748,0.10182923269883704,0.0,0.05879937100555357,0.08976145739476912,0.06832768195323558,0.11812832423277685,0.08133709120539125,0.09702426653286711,0.1182569224039558,0.08987645443474197,0.06394687384189532,0.08181820859572071,0.07920990145103442,0.07833056242863347,0.06196290148549949,0.11496437805805448,0.09158907446224115,0.055050210264768286,0.09841603998443807,0.10933092700297024,0.10226021699027157,0.06224127888051634,0.08344220874524338,0.12392429049988735,0.09543351866280873,0.059577690901877325,0.06912768032610778,0.07768327470446344,0.07576501627598803,0.06579769758701579,0.12093174448769219,0.0926274561436473,0.05979406801838027,0.09465083487834154,0.07382860454200772,0.07850252103007743,0.10297962647806085,0.10798904019511883,0.0927762671835755,0.07486440162093762,0.09702416684339552,0.0792036844039799,0.07295450844551811,0.08471470117950329,0.07308083704743439,0.07937679081396148,0.07549482555316431,0.08453459163844905,0.08311064936959373,0.07729037716479033,0.07583014073464801,0.07558410631284808,0.061821855453469125,0.08596661309144317,0.05580412759879069,0.07737903975328864,0.08277071069193391,0.07936995769878959,0.05492899169871107,0.082374021394273,0.07761331796306702,0.11581467704654033,0.08825093749139874,0.07357513550311134,0.0848511516725638,0.07994876711338263,0.09479523782093628,0.09631086441638557,0.0730127447649686,0.0760395787687892,0.06939658948975537,0.08348331711857397,0.07310169233347161,0.10174476169643863,0.10227352948476236,0.07461648130252233,0.10164101435446496,0.10516977342618399,0.06764473082267568,0.11053275669657504,0.06201937395645817,0.07137753407870262,0.05102807832082174,0.09457649272116704,0.09736027893968088,0.07652216985104004,0.08642842317017951,0.07676313729333954,0.0662984624031109,0.09459567233974951,0.06944308109212617,0.09183331608216587,0.09366752489455941,0.08606355880777955,0.0895272283527038,0.08173968018850256,0.0819329728089317,0.07621546037395689,0.08631791468207518,0.07247889113258946,0.09616059095982654,0.07837466430785928,0.0844699170193198,0.0718538780817477,0.06015835710736955,0.08870545330647424,0.07651527117232722,0.07681647426740609,0.09005498788390712,0.06648132073240731,0.07299756767553697
0.04890196387595534,0.07248200696242571,0.06448719573608626,0.09202079954685298,0.05879937100555357,0.0,0.08614649701803564,0.07093780856169916,0.10576520202367587,0.08416081243237415,0.09408943695344266,0.10616140773213957,0.09286055998551183,0.04003402935981353,0.07194922398598387,0.09493855600586935,0.06668384959761835,0.04445947645631255,0.10215149777357573,0.06998502729074098,0.07422209993380277,0.12047106433601008,0.1016675390107238,0.08461348036741513,0.07952894818561061,0.07642076757567587,0.12204311292894851,0.08563775960972238,0.06432781070362951,0.08293914999212493,0.07051619123859035,0.08861747333183023,0.05882637546752473,0.11135810204385112,0.09014832766613518,0.04978272851294066,0.08969436923947197,0.08189634553124009,0.05874315993005138,0.0866832641759058,0.09243574086208432,0.08929789901440698,0.07762132914379323,0.10961768693472479,0.06363942330057179,0.07155946752319214,0.08234078662896405,0.08887270894797032,0.08316082927433548,0.0676110731177774,0.07837209828245134,0.08652307034433973,0.08945099942672435,0.07746383287130928,0.06545958722632442,0.0634039782766221,0.086704276780199,0.06213478605965776,0.08295651207772717,0.0920391515460561,0.07298611882562091,0.053583154020297515,0.07985013760495349,0.07743785799336306,0.10660781104185212,0.08379010021743516,0.044115670842449155,0.08817713592386656,0.07215537079992897,0.09768105424576663,0.09975689899808161,0.06481267357157423,0.08174831984794402,0.05932630454049404,0.08345007404231998,0.06782065161433919,0.10099255125376166,0.08596242693728595,0.08500293388906621,0.08939872893197139,0.09733933756370476,0.06700823580394032,0.10047349534201092,0.04910052372862395,0.08126316038695532,0.07348845143032115,0.10705270749760265,0.08863360085809922,0.08334833054569431,0.08894860984002634,0.06259848136840493,0.055126738905444936,0.08812784602589314,0.06259975747213053,0.09524638813889802,0.0727169805805814,0.07375335013477143,0.08909780760825056,0.09350451941520224,0.09452092277340338,0.06685872025383846,0.08948352848375606,0.05853007863339954,0.08031000400177656,0.08103031820479653,0.07513112664358208,0.0586363786921567,0.0560834586166768,0.1058497053011083,0.06385986926254518,0.07977179413758624,0.08392105758876932,0.06980712675961585,0.06551098388124359
0.06328891545789865,0.08449940339802559,0.09373739655472488,0.0805597089823108,0.08976145739476912,0.08614649701803564,0.0,0.08897029484616491,0.10959915091380612,0.0957100013565912,0.10790513046081987,0.08255682692745125,0.09853261445532553,0.09553601289216991,0.09934433462101969,0.10716492177285777,0.09766838753092076,0.07846969676878097,0.09260411067487548,0.07958562773473037,0.09657419653963537,0.10652625463110237,0.08469656724350791,0.08598986416951658,0.101374992155939,0.11423387783019194,0.13601634826080586,0.07927591751820633,0.09851988125324476,0.09258789077955597,0.09213762926776801,0.08973084911430053,0.08989093275261822,0.0998531146687992,0.08057879245827655,0.08559793226167241,0.07352616942653246,0.08735236148814417,0.07062191574198089,0.10364414186021997,0.0884385783706268,0.08753942582669626,0.10113525010678992,0.12134374904779711,0.11202271129348582,0.113717635858297,0.07546079616244751,0.07629093792780303,0.07997197088448599,0.08937561051377457,0.09673842483234796,0.09020456458375442,0.12369293490155245,0.08240433154541016,0.0869167802729301,0.08940786611502106,0.09932099287238044,0.08346201035287092,0.08915903782067534,0.0933160106720469,0.08031895659640044,0.08636204202441916,0.1168479051342031,0.09326960136996638,0.09765391051497162,0.07144199161250822,0.08305911936816669,0.11566835350032374,0.0837670649363213,0.07939093225420887,0.10882148167007485,0.08417244118483624,0.09453937733630131,0.0659738498517961,0.1200545369484544,0.08070882527643918,0.09542233419163017,0.08729538983621009,0.0834358145497689,0.08507696428429101,0.10069210666980309,0.07986817619008155,0.08120890979179059,0.08564953954533532,0.07930174531156477,0.08683616354882921,0.10038134051929802,0.08091305501041164,0.0832913167678405,0.07606253969899938,0.09773936060896991,0.08808791403058838,0.08598972130575694,0.08610079837607822,0.08664619400642724,0.07377846238691081,0.08563269593099526,0.08544202167466622,0.09039466051043506,0.08051888368154064,0.09592568489351108,0.09004244893447884,0.09294219817474998,0.10021207729085915,0.10603806105423974,0.07737410467642805,0.09649446077252904,0.07629154050275028,0.11156638606798668,0.11247795018757879,0.08331606511978339,0.08506651403107697,0.08943376686766019,0.09309942954162455
0.06295312242517175,0.0900805433859684,0.0687656678352177,0.09530354729353596,0.06832768195323558,0.07093780856169916,0.08897029484616491,0.0,0.11870750544869925,0.10175680508241033,0.0801998138969489,0.12318655943983085,0.08170221312616764,0.07515128246691999,0.1019423431731965,0.07193598216839639,0.08491610709091016,0.06695639637407594,0.1288504662432538,0.09777114477090602,0.0789146648523871,0.12216155962311519,0.12442996842213243,0.10387807207724382,0.06952491052859495,0.07360747418385108,0.1046560206912789,0.09937757192695588,0.08552803994536025,0.08621248832067545,0.07360140617342942,0.06939077545833743,0.05459443372879551,0.10222959353662814,0.09645425441817602,0.07064619783624436,0.08984736445410696,0.07668790682316814,0.07307988528381981,0.08007680730503772,0.09234557169164131,0.09943563526911914,0.08241208130600366,0.09930398968005702,0.08460434777113215,0.07971286206436788,0.10319032714651992,0.07929280929154289,0.08067722027278089,0.09519569793414143,0.11180514353755316,0.0927219901703772,0.08688856717113677,0.0931904907806114,0.0750421153279464,0.08381719005087457,0.07673536943038024,0.07346752435640459,0.0712589555590418,0.10300951471545583,0.09728790839243806,0.08005273306438865,0.08588416473311405,0.09886492552023148,0.12935262481149265,0.09391608267842791,0.06752282550498395,0.07253540863540638,0.05102987508801694,0.10900082510965942,0.12429450924105191,0.07473302605701516,0.07246895838488149,0.06652460142912521,0.08032822255544232,0.053954594431371086,0.10787660376350487,0.10963616825841903,0.06729400025190574,0.09428592722898067,0.12338680362768924,0.08857944611203274,0.10784076975891763,0.05831402896058956,0.06808534005660932,0.06906914761980874,0.10770357533819054,0.10864529413672674,0.09466600739072073,0.09722546944907305,0.08941434311427954,0.0699373014580239,0.07981675484702719,0.09557275240393152,0.10139169807344063,0.09927557569210087,0.08259359558485539,0.10716345600177174,0.11093668697196485,0.11072786874725139,0.09209484029137922,0.11180215134259468,0.07846431223643985,0.10998198911994661,0.10022987022759361,0.09137107480070587,0.06976375933746837,0.06232456287875636,0.10719091587907643,0.08325033390417061,0.07955131468549982,0.0961020466547932,0.08043934465866713,0.07022113013576166
0.08747711065838593,0.12133616233646029,0.12202837177051906,0.10331675290288214,0.11812832423277685,0.10576520202367587,0.10959915091380612,0.11870750544869925,0.0,0.09000328397531476,0.10231416719324167,0.10824765306193115,0.1128970316800029,0.10334786133058321,0.09205062164354963,0.10799355164086707,0.11421101141747314,0.10368482748986897,0.09282984833767843,0.08508680717715399,0.1237354669863887,0.13798165261920814,0.10690434533138207,0.07908682282714652,0.10824457283824118,0.12758934072379519,0.14613708447987558,0.11792428621357638,0.10506807662109977,0.10401323914428183,0.08534854737075195,0.11492518204764843,0.11131237062737936,0.1035134746754214,0.12463622012030906,0.11807445265389799,0.1124168434887129,0.10167357301918299,0.08495122055268507,0.1298461955445668,0.09463058083543897,0.0953644014662547,0.1472140948483483,0.1343497888642391,0.1261412590349022,0.13514186758445157,0.11835920085848302,0.10381440918722626,0.12955184095680136,0.09785476324031649,0.0844061149911118,0.1235626294180749,0.12513796277546368,0.11095551342395646,0.09912693859868087,0.11017790356298961,0.09823936060253936,0.11864937119731385,0.1340249358543281,0.1375142573275953,0.09887203951517584,0.09166076791045025,0.1113657743953928,0.09135994258543881,0.11187022120945217,0.11168157166091905,0.10306844651488611,0.1269538150446388,0.11451024960272371,0.11194164117372009,0.13035814131809498,0.10053076667265277,0.09917189901011997,0.09568199732876433,0.11050983567281875,0.09371904839283454,0.10851208331318235,0.12199996543171109,0.133806179778507,0.10074794395813856,0.08384088093594842,0.09302650248146734,0.080610092802422,0.11320411435143016,0.12850832700902062,0.10633183634019377,0.1400343246625429,0.09227934774265134,0.10655479256272118,0.13179682803452997,0.10239720103102849,0.10823499424036075,0.09680133472605816,0.09792047241266585,0.08213862791388435,0.09203146103429356,0.12284285682383209,0.10321807970322269,0.12060794462164098,0.09834498277294457,0.07828668031076391,0.12039505667354751,0.09325147472760861,0.06616889286654183,0.11389828920616674,0.10361734729954847,0.11358144102483904,0.09593130143694537,0.14514033377579205,0.13623075276698654,0.09236163699144884,0.07353898099960075,0.11870429825516061,0.11283367088503836
0.06474932774085461,0.07961355546805646,0.097315591568496,0.09316332026832788,0.08133709120539125,0.08416081243237415,0.0957100013565912,0.10175680508241033,0.09000328397531476,0.0,0.08797605273458663,0.11849064765890084,0.09367818779262642,0.08308716283520093,0.07663033429393952,0.08574874841616056,0.08462562797471736,0.08140709368331728,0.10132028361491792,0.0719154476992397,0.0959807183900447,0.12137407553344136,0.10826084532500162,0.09381531794190982,0.09251470322384445,0.10519305456415001,0.11900352478294919,0.1006364871508132,0.07059805395608833,0.07830168242607281,0.07812481027235899,0.08306315003679081,0.08384928845571449,0.12437175915875054,0.10807742050708151,0.10047731975489584,0.10314382977566544,0.06997090765869633,0.09316064124417321,0.11533988852541717,0.08869110206981493,0.0786633681789938,0.11372174138503802,0.10429459802977009,0.09540424465656926,0.09377981699411526,0.10135678241610753,0.07538334948251255,0.09844921062883111,0.09026431224098327,0.06984608765264766,0.09905668974358427,0.09297654563831517,0.08262148778672039,0.06412133775802703,0.08046441508458328,0.07716414467671213,0.09885862344528537,0.10144965306163968,0.10405941580897622,0.07615523377800062,0.06969748884404195,0.10498368862796284,0.04289963891723894,0.10476985363319935,0.09028331935984814,0.08982649415667465,0.0972594370739431,0.0967508879115746,0.08760680183639559,0.09907597335465929,0.09374232490575064,0.07558781794267978,0.09287955538586272,0.09668032389991765,0.08108618443403258,0.08420278306802564,0.11919479297520232,0.10078876925793746,0.10073537304857308,0.07982361464959452,0.07346061630186737,0.08659497197503618,0.09048626956088415,0.10796963985385731,0.08299872559232263,0.1204659695466222,0.09687040417347978,0.07551867932767556,0.10288651066755898,0.08765114841420232,0.08109895059951494,0.09259455277636486,0.07916692337389104,0.07152320506650356,0.10234853628815972,0.10709796880416586,0.09463956715075399,0.09898442792686088,0.07786095431044661,0.06754520679086413,0.0942415641138939,0.07564201104846528,0.0839026645125097,0.08308381489212983,0.08748622049854479,0.08632256253603114,0.08597213153429162,0.11709292542422656,0.09558988860963531,0.08031464001951223,0.09799428174421454,0.11041130532681756,0.08117368219490693
0.07444957121629298,0.08896040301240969,0.09249354487107028,0.07828336075866972,0.09702426653286711,0.09408943695344266,0.10790513046081987,0.0801998138969489,0.10231416719324167,0.08797605273458663,0.0,0.12728313583031908,0.07085930810166582,0.09726684441864004,0.10000035843586143,0.0669713663288754,0.08996009299803343,0.08878780867288699,0.13419334523068635,0.09231727594611217,0.10067851549810199,0.13915657948264862,0.12746850719215874,0.10751619427393276,0.09126051967277655,0.08312895714453997,0.07174540685825609,0.10807878977463888,0.08720496552886377,0.0895858147027444,0.06884148185082016,0.07553725992076765,0.07487833072328075,0.10673465845150508,0.11014002417516269,0.11308191380919838,0.09358228719396544,0.07815158873625581,0.09140593519156869,0.0903573871172938,0.09290898102989059,0.0809774020086352,0.11877817998821313,0.08599858364148816,0.08860828073713721,0.09912251866096554,0.12253693700553374,0.08339077523191248,0.09865568377187302,0.09877525579157516,0.10128977278697454,0.10175628613261146,0.10044551447241205,0.08959017681813103,0.06440871484718735,0.09567120167429326,0.06655165231684869,0.11181786773073306,0.09550651374238203,0.11896054793209905,0.08543992147154003,0.08582489834542151,0.0987095054643198,0.09366679895158145,0.13252662267921597,0.09391844712375812,0.08915488283561107,0.06206708768564753,0.07622736043947206,0.1032895207237821,0.13594032951500562,0.10433006131976386,0.06885386670245862,0.09291925223597235,0.08070252104300894,0.08558003374084901,0.08660824729003073,0.13086281446206396,0.10352295607564105,0.08875568442894508,0.1127034503898119,0.10572466373597163,0.10634774331397556,0.08465738176072245,0.10990451374937278,0.08579942222848344,0.13014059087879373,0.11450998523018947,0.10930814363303287,0.11710943990125541,0.09623989590524444,0.0941998642512039,0.07758270713450145,0.11252751930013015,0.10020999105452855,0.11855009382940183,0.10782871880752905,0.1138303185815079,0.1275764773101335,0.116128527547232,0.07681609700596095,0.1125383190455896,0.06158139169236721,0.10883562019956879,0.08912190293336356,0.09518568061924276,0.08831878664527977,0.10118148687926995,0.12737198492455434,0.08725768330464402,0.0841629940122495,0.11496598430097296,0.11625928304029119,0.07926811015046738
0.08674414891379839,0.1134168586696832,0.11794922311136302,0.10037930203678994,0.1182569224039558,0.10616140773213957,0.08255682692745125,0.12318655943983085,0.10824765306193115,0.11849064765890084,0.12728313583031908,0.0,0.12896622884098816,0.11360255798016923,0.1113354730614342,0.13834837503673364,0.121611141636442,0.10308230160028262,0.0738042871155939,0.0893358598880054,0.11249314715141794,0.09979370197620237,0.05921948138290759,0.08137517120793436,0.12613589566120778,0.144683342280382,0.16701366180677424,0.104658375749182,0.11920808140191534,0.1154265228515674,0.10759822219290927,0.11456335280908307,0.1060669985395849,0.11135567399118858,0.08432889231217458,0.1051332247335386,0.0798667348983072,0.10117133877695937,0.0811426171961591,0.13820786184135705,0.09522275792240276,0.08939159010310607,0.14339150478845084,0.15018874935311477,0.1401209393305481,0.1331930851511813,0.09659338890710213,0.11017603669422595,0.09921169672231156,0.0996428004468774,0.09610006799254449,0.10386338521250581,0.15573341676646557,0.08989692626538351,0.11237948213657278,0.10270843914062366,0.12879948629894747,0.10762460558155255,0.12483335633386702,0.10552390755206294,0.0935743131410226,0.10599078169054339,0.1486400338768602,0.11072266331980793,0.07967688273247675,0.07742752177619339,0.1072123425079651,0.13849408188830037,0.11556675652447497,0.10056694531341452,0.1003765765133603,0.12008449184777045,0.12783469242804152,0.08665268750590022,0.1557703166915827,0.11979552827391159,0.11551379232421034,0.0841826560992296,0.1186628760125682,0.09592097105492327,0.09288456165741484,0.08729771610517467,0.11812771340615325,0.11423887878215286,0.11210913009834586,0.11649133865876073,0.10618617243427189,0.07832506077508909,0.10303858938289195,0.11163851622850522,0.1095702059722247,0.12561493814445918,0.12031520294946361,0.10810390881933861,0.10410772053002969,0.08276621314230284,0.11805091752187068,0.08794779154651794,0.08001676039658216,0.08734764770850247,0.09477995399354164,0.08400481172395194,0.10937796226047755,0.10781271739536194,0.12919545974560748,0.09216773974615676,0.11667431074614355,0.11145141338679869,0.12492833537518529,0.13168743709809747,0.12028121054888799,0.07873052201361774,0.09354126158752384,0.11282904192354584
0.07014845198442927,0.08768303823737161,0.07799366936675903,0.07894119455991255,0.08987645443474197,0.09286055998551183,0.09853261445532553,0.08170221312616764,0.1128970316800029,0.09367818779262642,0.07085930810166582,0.12896622884098816,0.0,0.09092932868233065,0.1108290069104251,0.07734898443936158,0.0791870888163135,0.06724437666428794,0.1338007448276673,0.09413859366030146,0.07997303206962662,0.12862376620466265,0.12616182300255502,0.11839889031336655,0.0861780936843448,0.062015019387985496,0.06414237292930265,0.08945634042481095,0.0812957983012045,0.09069909859143489,0.09247461892877722,0.07121768224847293,0.07658070862880495,0.09929056567538486,0.10871300320289246,0.10911392921094681,0.09518176317067373,0.08178975330520229,0.08901877285760183,0.09258653165934826,0.09754162308197137,0.08673710756688444,0.109978593354761,0.058926515387976726,0.09469066385922778,0.09563694062339016,0.10790270035048694,0.07271258094360908,0.09432454636860862,0.10283844081003556,0.10928434687218637,0.09448148919330643,0.10007473582294595,0.0710324143602667,0.08160656940387438,0.1002367911126962,0.07176518393882432,0.09626261824341045,0.0917571485979811,0.10559694754924132,0.07541600509083109,0.09344147800108447,0.09814994033288423,0.09435579087892332,0.13215609626582628,0.08906663235559445,0.09214395555902019,0.07028105945514045,0.09006015511116726,0.08505040398008132,0.131691091689861,0.09672500241242077,0.059217342116320695,0.0796161602189748,0.08372748924958612,0.09266006206606302,0.08291132202313083,0.13357368449584617,0.09552012717939673,0.08450767925333588,0.12297794793972215,0.097770533895108,0.101186502008263,0.08020428933069851,0.09148252058445633,0.07591626990608924,0.11884936129381447,0.10748359573058382,0.1009070252227181,0.11434061332723934,0.10364696301377091,0.09390813285870196,0.07375240491782462,0.10021052205809369,0.10572051195802501,0.11591280140897182,0.1055739459355255,0.11270680580554393,0.11416479075568911,0.09982333363037092,0.09166892018054222,0.1019805880791949,0.07724950058305695,0.1111637509212902,0.09431919191903718,0.09167816160547727,0.08066587523650755,0.09157819836685732,0.11188149057009233,0.09967720963728942,0.060336769279595345,0.10973086291396061,0.10705570130341348,0.08802708484402719
0.05211256061225913,0.08224739232062658,0.0591558235044642,0.1016041308195848,0.06394687384189532,0.04003402935981353,0.09553601289216991,0.07515128246691999,0.10334786133058321,0.08308716283520093,0.09726684441864004,0.11360255798016923,0.09092932868233065,0.0,0.07496221611686203,0.09162453851256537,0.06855678647738225,0.04873602958556097,0.10438552692022586,0.0804959855458669,0.07756449077246526,0.11396553459630039,0.10774887888608288,0.0851945747144472,0.0719567304820586,0.0741410657571238,0.12166283875550153,0.08986681601575883,0.06407894414548952,0.0909520925852432,0.0693517411187104,0.08113254144466919,0.06458921369370335,0.10447585143150842,0.08941642259395899,0.058632528591015136,0.09790339072045098,0.0702979966988699,0.06334649596548443,0.09313961477343108,0.08773028782837261,0.09154730521130236,0.08457976486185333,0.11161830034967676,0.07432466907042284,0.06914753895600398,0.08668906509478326,0.08409057663157221,0.0819737391367763,0.07259620548891003,0.08841384827478767,0.08686109293432444,0.0855208336386959,0.07888436328505624,0.06622855456603985,0.06160691698781416,0.08142076039076074,0.06081784834969835,0.0797741496435699,0.08928109718345245,0.08112926743879512,0.06278051238765621,0.08319268187347552,0.0813552591022359,0.10104945724336674,0.09023247796640324,0.05376961113294726,0.09214954888080772,0.07791238300053016,0.1047207477801547,0.10186958855973449,0.06283972354765388,0.07887321972961443,0.0667972227562592,0.08021182038508565,0.06853685285038394,0.10372594142378781,0.09864504969180402,0.08387344368602916,0.08843402487166939,0.09663917591071901,0.06120199325904825,0.1023830165432833,0.058169268647304685,0.08210387130824216,0.07417038778602836,0.10855167667967962,0.09060255501808036,0.08159287438944189,0.09654365815825318,0.06443455629445984,0.05470811693630633,0.08314704785132794,0.06604897470874004,0.09991305698964588,0.08089619692595083,0.07803562016387944,0.09072447466673389,0.09409576606509837,0.09924091479802463,0.07196991510362913,0.09787046567443744,0.07155977086433363,0.08264264921915775,0.09088316928900556,0.07869317030945791,0.05459893281096354,0.05113052826170335,0.10073205460294056,0.07335375091358633,0.079116979689292,0.0799027381109175,0.06726007191193595,0.0709013417025584
0.061083520278607584,0.09530336511444973,0.09933662309637767,0.09588343156603935,0.08181820859572071,0.07194922398598387,0.09934433462101969,0.1019423431731965,0.09205062164354963,0.07663033429393952,0.10000035843586143,0.1113354730614342,0.1108290069104251,0.07496221611686203,0.0,0.09233963162293328,0.08076868503568896,0.08638395345645766,0.09885860120502458,0.07158627250165057,0.10173145843928133,0.10965169949578535,0.08862008340013777,0.07357456324912166,0.08625167037509791,0.11011109309423638,0.14120474474890868,0.08620309394685224,0.08736484338044512,0.09467166171877638,0.057757156904062995,0.0897695537803981,0.08175548873017292,0.1086466886734235,0.0880919168086592,0.07286419617473462,0.10115683120743918,0.07530679038627984,0.07909830063463254,0.12195225775036532,0.10497114772924147,0.08352151409289311,0.11644531207638231,0.1194736236750641,0.09490604613919268,0.10465652162200116,0.07909625646611904,0.08563911088811405,0.08521698136132319,0.07558844019135891,0.07724521399825686,0.07962115625602156,0.09540506616482722,0.08379771587306915,0.06796346734285029,0.051361545022977906,0.08444606505547554,0.08490351643266646,0.08431884021493795,0.08638060303890382,0.08103809915087686,0.06311881593778389,0.10798423165130558,0.07799820066449999,0.08631827713687547,0.08890763940694602,0.08430113454140707,0.10379586629890444,0.09412405515593204,0.10307152185092787,0.08738675571792875,0.09009276658018982,0.08749313225531964,0.08128620783061695,0.09786286106767783,0.07708550186445931,0.1101407547793544,0.0902471212975013,0.09980843470802121,0.09607258410220133,0.0822497517720986,0.07196545192944347,0.10354243051087618,0.07868389830182883,0.09721410272254274,0.08697051348814056,0.09972218532298115,0.07612688082158323,0.06810171482291032,0.10797864323467449,0.0746453030718019,0.08103906538765014,0.08962004200592927,0.07487791505794893,0.09496116963053836,0.08861855355488833,0.08677305671467363,0.06405019152235744,0.09506076412157843,0.09310387089414279,0.06907778263128196,0.0923835300227742,0.07709483698037439,0.08451877171105968,0.10350661868687938,0.07492054041614939,0.09494742468019016,0.07529076594388115,0.10035113164891714,0.10264290266712851,0.09444674648671847,0.08766842432980265,0.09016317191869883,0.09752914688008361
0.0695985313125128,0.08867379428441738,0.09836932298234523,0.09192047228616858,0.07920990145103442,0.09493855600586935,0.10716492177285777,0.07193598216839639,0.10799355164086707,0.08574874841616056,0.0669713663288754,0.13834837503673364,0.07734898443936158,0.09162453851256537,0.09233963162293328,0.0,0.07552555220710727,0.08529765227235454,0.13347479040713273,0.10129741928848944,0.09775228897696034,0.12983229408674007,0.1252633335599844,0.10928351119351627,0.06457413417797474,0.08710002869874439,0.09446885515469076,0.10457950300442531,0.08922146883346317,0.07753020613228727,0.07661680789125125,0.05978102403444011,0.07560913711979032,0.11282453130998288,0.11536969126904598,0.09817712158260906,0.09520228312268882,0.06943563295539086,0.09213678467742839,0.09905246362931636,0.1048665422474307,0.08267081054482298,0.10895845790580104,0.07791453625363912,0.0847144403450488,0.0960791189190312,0.10636463223982644,0.06291467945627773,0.092643249985841,0.10218522728763556,0.1042214562088084,0.08999736415760061,0.0703691479831086,0.08211174938689554,0.07172329847506781,0.08959117371745397,0.053390043098378734,0.08919389532343483,0.08467445435046188,0.1081492493079804,0.0929711664362684,0.07632120709978125,0.08578109468889565,0.08889351815436758,0.1311963119585921,0.0986956668267458,0.09858674367671767,0.0643592928950527,0.08059725319515215,0.10055857374048657,0.12684052347470592,0.09846057427222843,0.04202731070662036,0.09038519339576036,0.06421300277748983,0.07212036911044346,0.09701120963764669,0.13457758241331838,0.09431271476868808,0.09284189826388471,0.1187032917739735,0.10008623006257891,0.10288613028615459,0.08254778486657241,0.09560167534766752,0.06412651815932707,0.11859129605924333,0.10623367993785586,0.09695820951759988,0.11643909615223925,0.1016538180412146,0.08824839800461975,0.08202171645440258,0.09779026192468239,0.0899539836051192,0.11768649697984228,0.10508163049686134,0.10245989022072814,0.11566818456806348,0.10954759435962447,0.0838680983552505,0.11061585001764439,0.0798959182437665,0.10033482127968081,0.08803239562844827,0.0969709722551499,0.09398746056601427,0.08192514216115838,0.11119407261210536,0.09969517903806334,0.07238063445620435,0.10793861444535195,0.10904592346493358,0.08932439169131254
0.0555556890353454,0.0730626706687614,0.09148834530500219,0.07951098184772637,0.07833056242863347,0.06668384959761835,0.09766838753092076,0.08491610709091016,0.11421101141747314,0.08462562797471736,0.08996009299803343,0.121611141636442,0.0791870888163135,0.06855678647738225,0.08076868503568896,0.07552555220710727,0.0,0.060727138773266714,0.10793059617139841,0.08236072828018332,0.07966177068938739,0.12211404724892164,0.107491500433898,0.09393549413060895,0.08786938774737472,0.07730579932617906,0.10066757422459649,0.08076312760220004,0.08787126371881641,0.07945624977466675,0.08605569246264809,0.0813780760667001,0.06605427547476468,0.11041838260737029,0.09643342845073553,0.07936664835641384,0.08641410171714718,0.07201392022307107,0.07398390521934942,0.08880940685784923,0.08948991943355758,0.0685827750314959,0.08641694758024461,0.08222271056617117,0.05668574947478239,0.08061847968756451,0.09404975215523226,0.07088638969753362,0.08158206786048944,0.08609268573021643,0.0903083753065968,0.07124638315018586,0.09510971666417622,0.06296291584922686,0.061562845294523216,0.07861004639010243,0.06389430829698324,0.06803212189165928,0.07684959354711547,0.09070285919435829,0.06561464728067055,0.07464957823829999,0.10041750346545412,0.0701920612642677,0.10189472544826163,0.07971639565721496,0.0801006813767408,0.06905183576319436,0.09099318465809307,0.07842773801298408,0.0986682054318858,0.08583637532698392,0.05522338192996364,0.07794513517260869,0.08420139103827436,0.08415746395572554,0.07784849460543637,0.11580801523045205,0.0793131620559245,0.07326377436267233,0.10006613012515873,0.0844935156733601,0.10609641936871861,0.07034013033285723,0.0860151034385876,0.08107799166212326,0.11340225302407184,0.09415988368768458,0.08320158902812524,0.09898099187112247,0.08383172661894712,0.08080642758569583,0.08723654256909609,0.08639640014824283,0.10094236512182934,0.09408444874599153,0.09746323100037792,0.09359647351090015,0.1023443773709384,0.10066387270483253,0.0732018839396214,0.08332232560106557,0.07611818196521644,0.09062843363249008,0.07413604978164902,0.07382945238985292,0.07664963157176952,0.07597094940738794,0.10254255220059748,0.08260233827426697,0.0824021950361215,0.10083887663880002,0.09046695424852588,0.0693094336027842
